2 ^ 2 = 4 
1 1
2 2

1 1
1 2
<---2 
2 2 
<---1 


4 ^ 4 = 16

1 1 1 1
2 2 2 2
3 3 3 3
4 4 4 4

1.  [1,1,1,1]
2.  [1,1,1,2]
3.  [1,1,1,3]
4.  [1,1,1,4]
5.  [1,1,2,2]
6.  [1,1,2,3]
7. 	[1,1,2,4]
8.  [1,1,3,3]
9.  [1,1,3,4]
10. [1,1,4,4]
11. [1,2,2,2]
12. [1,2,2,3]
13. [1,2,2,4]
14. [1,2,3,3]
15. [1,2,3,4]
16. [1,2,4,4]
17. [1,3,3,3]
18. [1,3,3,4]
19. [1,3,4,4]
20. [1,4,4,4]
<-------------- 20 
21. [2,2,2,2]
22. [2,2,2,3]
23. [2,2,2,4]
24. [2,2,3,3]
25. [2,2,3,4]
26. [2,2,4,4]
27. [2,3,3,3]
28. [2,3,3,4]
29. [2,3,4,4]
30. [2,4,4,4]
<--------------- 10 
31. [3,3,3,3]
32. [3,3,3,4]
33. [3,3,4,4]
34. [3,4,4,4]
<--------------- 4 
35. [4,4,4,4]
<--------------- 1 



